00 00 00 00 00 00 00 00 11 22 33 59 
00 00 00 00 00 00 00 00 00 00 00 12 
00 00 00 00 00 00 00 00 00 00 00 12 
00 00 00 00 00 00 00 00 00 00 00 12 
00 00 00 00 00 00 00 00 11 22 33 55 
00 00 00 00 00 00 00 00 11 22 33 55 
00 00 00 00 00 00 00 00 11 22 33 55 
00 00 00 00 00 00 00 00 11 22 33 55 
00 00 00 00 00 00 00 00 11 22 33 55 
00 00 00 00 00 00 00 00 11 22 33 61 
00 00 00 00 00 00 00 00 11 22 33 61 
00 00 00 00 00 00 00 00 11 22 33 61 
00 00 00 00 00 00 00 00 11 22 33 61 
00 00 00 00 00 00 00 00 11 22 33 55 
00 00 00 00 00 00 00 00 11 22 33 55 
00 00 00 00 00 00 00 00 11 22 33 55 
00 00 00 00 00 00 00 00 11 22 33 55 
00 00 00 00 00 00 00 00 11 22 33 55 
00 00 00 00 00 00 00 00 00 00 00 12 
00 00 00 00 00 00 00 00 00 00 E1 01 
00 00 00 00 00 00 00 00 11 22 33 55 
00 00 00 00 00 00 00 00 00 00 E1 01 
